name: RIO
channels:
  - IBMDecisionOptimization
  - conda-forge
  - defaults
dependencies:
  - cplex=12.8=py36_0
  - docloud=1.0.315=py36_0
  - docplex=2.9.141=py36_0
  - asn1crypto=0.24.0=py36_0
  - automat=0.7.0=py36_0
  - babel=2.6.0=py36_0
  - bzip2=1.0.6=h14c3975_1002
  - ca-certificates=2019.3.9=hecc5488_0
  - certifi=2019.3.9=py36_0
  - decorator=4.4.0=py_0
  - docutils=0.14=py36_0
  - ffmpeg=4.1.3=h167e202_0
  - gnutls=3.6.5=hd3a4fd2_1002
  - imageio-ffmpeg=0.3.0=py_0
  - jinja2=2.10=py36_0
  - lame=3.100=h14c3975_1001
  - libiconv=1.15=h516909a_1005
  - libtiff=4.0.9=he6b73bb_1
  - moviepy=0.2.3.5=py_0
  - nettle=3.4.1=h1bed415_1002
  - olefile=0.46=py_0
  - openh264=1.8.0=hdbcaa40_1000
  - openssl=1.1.1b=h14c3975_1
  - pip=19.0.3=py36_0
  - ply=3.11=py36_0
  - pyopenssl=19.0.0=py36_0
  - setuptools=40.8.0=py36_0
  - snowballstemmer=1.2.1=py36_0
  - sphinx=1.8.5=py36_0
  - tqdm=4.31.1=py_0
  - utm=0.4.2=py36_0
  - wheel=0.33.1=py36_0
  - x264=1!152.20180806=h14c3975_0
  - alabaster=0.7.12=py36_0
  - appdirs=1.4.3=py36h28b3542_0
  - attrs=19.1.0=py36_1
  - blas=1.0=mkl
  - cffi=1.12.2=py36h2e261b9_1
  - chardet=3.0.4=py36_1
  - constantly=15.1.0=py36h28b3542_0
  - cryptography=2.6.1=py36h1ba5d50_0
  - cycler=0.10.0=py36_0
  - dbus=1.13.6=h746ee38_0
  - expat=2.2.6=he6710b0_0
  - fontconfig=2.13.0=h9420a91_0
  - freetype=2.9.1=h8a8886c_1
  - glib=2.56.2=hd408876_0
  - gmp=6.1.2=h6c8ec71_1
  - gst-plugins-base=1.14.0=hbbd80ab_1
  - gstreamer=1.14.0=hb453b48_1
  - hyperlink=18.0.0=py36_0
  - icu=58.2=h9c2bf20_1
  - idna=2.8=py36_0
  - imageio=2.4.1=py36_0
  - imagesize=1.1.0=py36_0
  - incremental=17.5.0=py36_0
  - intel-openmp=2019.3=199
  - jpeg=9b=h024ee3a_2
  - kiwisolver=1.1.0=py36he6710b0_0
  - libedit=3.1.20181209=hc058e9b_0
  - libffi=3.2.1=hd88cf55_4
  - libgcc-ng=8.2.0=hdf63c60_1
  - libgfortran-ng=7.3.0=hdf63c60_0
  - libpng=1.6.37=hbc83047_0
  - libstdcxx-ng=8.2.0=hdf63c60_1
  - libuuid=1.0.3=h1bed415_2
  - libxcb=1.13=h1bed415_1
  - libxml2=2.9.9=he19cac6_0
  - markupsafe=1.1.1=py36h7b6447c_0
  - matplotlib=3.0.3=py36h5429711_0
  - mkl=2019.3=199
  - mkl_fft=1.0.10=py36ha843d7b_0
  - mkl_random=1.0.2=py36hd81dba3_0
  - ncurses=6.1=he6710b0_1
  - numpy=1.16.2=py36h7e9f1db_0
  - numpy-base=1.16.2=py36hde5b4d6_0
  - packaging=19.0=py36_0
  - pandas=0.24.2=py36he6710b0_0
  - pcre=8.43=he6710b0_0
  - pillow=5.4.1=py36h34e0f95_0
  - pyasn1=0.4.5=py_0
  - pyasn1-modules=0.2.4=py36_0
  - pycparser=2.19=py36_0
  - pycryptodomex=3.7.2=py36h7b6447c_0
  - pygments=2.3.1=py36_0
  - pyhamcrest=1.9.0=py36_2
  - pyparsing=2.3.1=py36_0
  - pyqt=5.9.2=py36h05f1152_2
  - pysmi=0.3.3=py36_0
  - pysnmp=4.4.9=py36_0
  - pysocks=1.6.8=py36_0
  - python=3.6.8=h0371630_0
  - python-dateutil=2.8.0=py36_0
  - pytz=2018.9=py36_0
  - qt=5.9.7=h5867ecd_1
  - readline=7.0=h7b6447c_5
  - requests=2.21.0=py36_0
  - scipy=1.2.1=py36h7c811a0_0
  - service_identity=18.1.0=py36h28b3542_0
  - sip=4.19.8=py36hf484d3e_0
  - six=1.12.0=py36_0
  - sortedcontainers=2.1.0=py36_0
  - sphinxcontrib=1.0=py36_1
  - sphinxcontrib-websupport=1.1.0=py36_1
  - sqlite=3.27.2=h7b6447c_0
  - tk=8.6.8=hbc83047_0
  - tornado=6.0.2=py36h7b6447c_0
  - twisted=18.9.0=py36h7b6447c_0
  - urllib3=1.24.1=py36_0
  - xz=5.2.4=h14c3975_4
  - zlib=1.2.11=h7b6447c_3
  - zope=1.0=py36_1
  - zope.interface=4.6.0=py36h7b6447c_0
